8.728810445003312
10.633815007335755
0.8797173150131812
51.87954374373458
21.878169298182122
40.75422825242265
1.7987939183954609
26.356492183104805
11.444299260620056
92.65363480812883
39.83972266987248
55.12742345961743
20.526753619342806
38.76707824561484
16.105127199738817
19.30520580077453
33.681469440358995
37.220095274153806
11.976392188169243
2.0487777474831717
23.431029468643914
44.33438959057125
25.46368308718793
21.02229255869446
32.39373757677754
51.991185725482005
1.491444930743441
4.0071739137191145
24.91803976055146
1.9159421381255584
